1000
172 132 1762
256 60 3146
340 132 3608
288 336 4531
184 304 4992
100 332 5454
56 124 6377
160 48 7300
312 140 8223
168 180 8916
132 204 9146
224 144 10531
296 224 10992
400 320 11916
344 120 12839
244 72 13300
168 152 14223
132 240 14685
440 212 16069
392 112 16531
440 212 17454
392 112 18377
192 64 19300
96 116 20223
80 224 20685
168 288 21146
184 180 21608
268 248 22069
344 164 23454
376 60 23916
196 160 24839
260 252 25762
160 300 26685
260 252 27608
356 304 28069
456 264 28531
468 156 28992
404 68 29454
100 28 30839
44 124 31300
144 292 32223
336 208 33146
364 316 33608
472 292 34069
448 184 34531
480 96 34992
280 24 35916
196 92 36377
196 92 36608
228 120 37762
124 268 38685
32 364 39608
224 300 40531
120 124 41454
196 44 41916
280 80 42377
484 20 43300
504 128 43762
504 128 43992
484 88 45146
288 156 46069
140 44 46992
288 156 47916
376 344 48839
452 264 49300
496 184 49762
320 68 50685
216 104 51146
216 104 51377
248 136 52531
184 332 53454
104 256 54839
60 156 55300
172 56 56223
196 200 56916
228 228 57146
248 120 58531
264 12 58992
348 84 60377
448 32 60839
460 348 62223
352 320 62685
172 284 63608
224 92 64531
156 180 65916
55 135 66377
148 312 67300
364 336 68223
276 44 69608
180 96 70069
276 44 71454
352 124 71916
172 304 73300
96 224 73762
172 304 74685
96 224 75608
172 304 76992
96 224 77454
136 120 77916
236 168 78377
316 96 79300
408 160 79762
480 76 80223
408 160 80685
408 160 80916
316 96 82300
228 160 83223
124 120 83685
40 192 84146
124 120 85069
228 160 85531
228 160 85762
136 320 86685
40 268 87146
40 268 87377
136 320 88762
196 228 89223
272 308 89685
196 228 90608
256 136 91069
172 64 91531
112 156 92454
196 228 92916
256 136 93377
256 136 93608
172 64 94069
362 146 96607
208 316 98563
132 236 99181
208 316 100485
296 372 101130
396 332 101775
308 20 103759
240 112 104426
164 36 106440
240 112 107122
72 328 109100
180 308 110390
272 360 111022
400 276 112022
420 220 112364
308 68 113702
232 244 115295
256 192 115665
84 80 120843
208 208 121766
288 284 123150
384 232 124073
484 184 124535
384 232 125458
284 320 126381
200 132 127304
104 188 127766
44 96 128227
140 40 128689
200 132 129150
300 176 129612
288 68 130073
200 132 130535
300 304 131458
211 238 132381
308 188 133304
388 112 133766
192 136 134689
192 136 134920
48 100 135612
32 312 136535
32 312 136766
176 332 137458
260 164 138381
272 272 138843
169 227 139304
260 164 140227
272 272 141612
260 164 142073
392 28 142996
288 60 143920
368 136 144381
300 224 144843
200 176 145766
96 208 146227
36 116 146689
140 84 147150
200 176 147612
284 100 148996
200 176 149458
104 324 150381
124 108 151304
312 144 152227
420 116 152689
504 152 153150
436 344 154073
328 316 154535
328 316 154766
360 284 155920
280 100 156843
72 152 157766
172 308 158689
74 257 159612
172 308 160073
264 332 160535
468 268 161458
412 172 161920
412 172 162150
440 208 163304
232 252 164227
80 148 165150
232 252 166073
428 312 166996
476 212 167458
504 120 167920
308 44 168843
236 128 169304
236 128 169535
204 100 170689
48 184 171612
172 308 172535
204 100 173458
280 180 173920
372 124 174381
348 264 175073
308 280 175304
204 252 175766
228 360 176227
124 324 176689
28 340 177150
108 168 178073
204 108 178996
408 164 179920
324 232 180381