500
44 192 7984 
100 320 8859
252 284 9359
404 332 9984
412 192 10859
376 40 11359 
196 100 11984
300 192 12859
424 132 13734
476 208 13984
384 48 14859 
72 140 15984 
116 316 16484
364 348 17109
428 268 17359
320 136 17984
176 192 18859
80 156 19109 
20 236 19359 
180 316 19984
384 316 20484 
282 322 21484 
92 264 21984 
168 192 22234 
104 112 22484 
300 44 22984 
391 118 23359 
420 252 23734 
324 292 23984 
324 292 24234 
224 248 24484 
24 148 25109 
88 68 25359  
336 76 25984 
372 228 26859 
316 316 27109 
228 252 27359 
24 152 27984 
144 20 28484 
44 53 29484 
92 232 29984 
188 196 30234 
256 276 30484 
444 192 30984 
424 112 31359 
332 52 31734 
240 64 31984 
300 148 32984 
364 312 33484 
300 148 33984 
377 218 34984 
256 292 35484 
148 312 35734 
92 228 35984 
148 312 36984 
236 364 37984 
324 308 38234 
420 348 38484 
468 232 38984 
402 187 39359 
336 140 39734 
224 132 39984 
136 188 40234 
136 188 40359 
224 336 40859 
408 272 41359 
344 68 41984 
384 36 42859 
440 120 43109 
368 192 43359 
440 264 43609 
336 352 43984 
164 283 44484 
240 111 44984 
412 180 45484 
338 107 46234 
256 172 46734 
200 88 46984 
120 348 47984 
308 312 48484 
492 256 48984 
428 72 49484 
328 92 49734 
224 80 49984 
224 80 50109 
224 80 50234 
132 32 50484 
168 168 50859 
24 200 51234 
76 288 51484 
28 380 51734 
76 288 51984 
224 260 52359 
224 260 52484 
328 300 52734 
420 236 52984 
300 130 53484 
138 131 53984 
220 192 54734 
248 288 54984 
408 320 55359 
440 160 55734 
412 60 55984 
308 68 56234 
204 76 56484 
100 84 56734 
60 180 56984 
385 315 57984 
256 40 58984 
256 192 59984 
392 36 63984 
204 72 64484 
20 128 64984 
84 312 65484 
184 292 65734 
288 304 65984 
288 304 66109 
288 304 66234 
380 352 66484 
344 216 66859 
488 184 67234 
436 96 67484 
484 4 67734  
436 96 67984 
288 124 68359 
288 124 68484 
184 84 68734 
92 148 68984 
212 254 69484 
374 253 69984 
292 192 70734
264 96 70984 
104 64 71359 
72 224 71734 
100 324 71984 
204 316 72234 
308 308 72484 
412 300 72734 
452 204 72984 
127 69 73984 
256 344 74984 
468 40 75984 
468 143 76234 
468 246 76484 
468 349 76734 
381 295 76984 
289 327 77234 
193 299 77484 
101 331 77734 
32 284 77984 
336 180 79984 
44 192 95984 
100 64 96859 
252 100 97359 
404 52 97984 
412 192 98859 
376 344 99359 
196 284 99984 
300 192 100859
424 252 101734
476 176 101984
420 276 102859
320 220 103734
260 284 103984
348 176 104859
260 48 105359 
88 128 105984 
120 284 106484
308 240 107109
384 292 107359
480 192 107734
416 124 107984
348 60 108234 
131 66 108859 
137 235 109359
180 340 109734
224 324 109859
256 360 109984
348 324 110234
131 318 110859
137 149 111359
180 44 111734 
224 60 111859 
256 27 111984 
368 124 112484
372 240 112859
204 336 113484
124 192 113984
148 40 114484 
264 60 114859 
448 136 115484
380 276 115984
292 244 116234
226 309 116484
138 277 116734
48 304 116984 
138 277 117484
32 148 117984 
120 80 118484 
236 88 118984 
328 172 119484
348 308 119984
188 296 120484
84 244 120859 
148 48 121484 
256 172 121984
404 128 122484
440 92 122859 
420 296 123484
264 280 123984
184 328 124234
120 264 124484
200 216 124734
164 132 124984
24 152 125484 
164 132 125984
244 92 126484 
332 128 126984
412 88 127484 
488 128 127984
380 252 128484
272 280 128859
76 244 129484 
113 108 129984
231 63 130484 
348 40 130859 
364 192 131484
364 192 131609
364 192 131734
428 261 131984
289 320 132484
149 264 132984
90 125 133484 
169 77 133984 
311 135 134484
300 304 134984
228 360 135234
140 336 135484
48 344 135734 
24 256 135984 
132 132 136484
240 104 136859
436 140 137484
399 276 137984
281 321 138484
164 344 138859
148 192 139484
148 192 139609
148 192 139734
83 124 139984 
83 124 140109 
83 124 140234 
148 58 140484 
256 144 140859
348 136 141109
440 124 141359
394 296 141984
394 296 142109
394 296 142234
308 264 142484
373 198 143484
              