800
160 192 18608
256 192 18986
352 192 19365
352 96 19743 
256 96 20122 
160 96 20501 
160 192 20879
160 288 21258
256 288 21635
352 288 22015
352 192 22393
256 192 22772
160 160 23150
192 128 23340
240 128 23529
256 176 23718
256 224 23908
256 272 24097
304 272 24286
352 272 24475
352 224 24664
352 176 25421
352 128 26178
192 128 26651
192 208 26935
240 320 27408
320 320 27692
320 272 28449
272 272 29206
272 192 29490
256 112 29774
240 160 29963
240 240 30247
256 320 30531
208 320 30720
160 320 31478
160 272 32235
160 112 32708
208 80 32992 
368 80 33465 
368 160 33749
368 208 34506
368 256 35263
352 304 35452
304 320 35642
256 320 35831
208 304 36020
192 256 36209
208 208 36399
256 192 36588
256 192 48891
304 112 49269
208 112 49648
208 112 49837
208 112 50027
256 192 50405
288 224 50594
304 272 50784
256 272 50973
208 272 51162
160 272 51351
64 192 51919 
128 128 52298
208 176 52676
256 192 52866
304 176 53055
384 128 53433
428 156 53623
464 192 53812
464 240 54001
336 336 54569
288 336 54758
256 296 54948
256 200 55326
256 296 55704
280 336 55894
232 336 56083
136 336 56462
160 288 56651
192 248 56840
224 208 57030
272 208 57219
312 240 57408
336 328 57976
256 256 59490
176 192 59869
256 128 60247
336 192 60626
240 192 61004
152 192 62140
152 192 62329
152 240 63276
208 320 63654
256 336 63843
304 336 64033
384 288 64411
400 240 64601
400 192 64790
336 112 65168
336 112 65358
192 144 66304
168 232 67440
256 272 67818
344 232 68197
344 232 68386
256 192 68765
160 192 69900
384 224 70657
416 256 70847
320 256 71225
272 256 71414
256 208 71604
256 173 73118
256 224 74064
256 224 74254
256 173 74443
256 48 75768 
232 88 75957 
280 88 76146 
280 184 76525
256 224 76714
232 184 76903
256 88 77282 
256 136 77471
304 160 78418
352 240 78796
256 240 79175
160 64 79932 
256 64 80310 
256 112 80500
256 252 82014
336 112 82582
288 96 82771 
256 136 82960
256 252 83528
176 112 84096
224 96 84285 
256 136 84474
32 176 85231 
80 176 85989 
128 176 86746
128 256 87219
176 208 87503
176 128 87976
224 176 88260
272 176 89017
256 192 89774
232 192 91288
280 192 92045
256 192 92802
256 192 93465
256 128 95831
304 144 96020
320 192 96209
304 240 96399
256 256 96588
208 240 96777
192 192 96966
208 144 97156
256 128 97345