800
160 128 15004
237 71 15444 
321 115 15885
352 192 16326
258 305 16988
184 234 17539
135 150 18090
135 54 18531 
226 23 18972 
303 79 19413 
352 81 19634 
353 128 19854
290 175 20736
243 298 21398
194 298 21618
196 129 22280
196 81 22500 
385 80 23382 
196 81 24264 
385 80 25146 
380 273 26028
297 321 26469
201 320 26910
118 271 27351
117 175 27792
204 176 29556
254 293 30217
301 293 30438
403 215 31099
403 166 31320
403 69 32643 
294 69 33084 
255 48 33304 
214 74 33525 
254 160 33966
216 192 34848
183 225 35068
182 273 35289
124 321 35730
232 320 36612
364 243 37494
324 142 38155
215 142 38596
109 106 39258
73 190 39699 
70 238 39919 
112 214 40139
206 299 40801
245 270 41021
223 154 41683
268 138 41903
365 201 42565
402 171 42785
294 83 43447 
246 84 43667 
293 83 44770 
319 123 44990
297 165 45211
266 319 45652
362 321 46534
400 292 46754
436 261 46975
437 165 47416
431 68 47857 
340 100 48298
305 134 48518
271 168 48739
273 215 48959
256 260 49180
210 274 49400
165 255 49621
158 207 49841
188 171 50503
157 134 50723
187 96 51385 
216 134 52046
264 134 52266
371 137 52707
427 214 53148
350 271 53589
296 190 54030
248 191 54251
245 143 55353
198 130 55574
175 87 55794 
175 38 56015 
218 58 57117 
387 130 58220
314 66 58661 
220 86 59102 
120 76 59543 
170 157 59984
122 240 60425
171 322 60866
254 279 61307
254 170 61748
285 73 62189 
332 73 62409 
437 71 62850 
451 116 63071
452 164 63291
437 209 63512
397 181 63732
369 140 63953
261 143 64834
287 184 65496
327 210 66157
256 290 66598
210 276 66819
165 256 67039
121 235 67260
124 67 67921 
172 67 68142 
267 99 68583 
274 146 68803
254 189 69024
212 212 69244
165 217 69465
180 163 69685
181 114 69906
222 29 70788 
257 57 71008 
300 138 71890
408 304 72772
360 304 72993
311 303 73213
309 255 73434
309 207 73654
192 304 74536
192 256 75198
192 208 75418
232 96 76300 
272 112 76520
312 96 76741 
312 192 77623
240 262 78064
132 254 78505
84 166 78946 
217 137 79828
340 75 80710 
218 138 81592
256 192 82474
